Generated 178 orders
[100, 1, 22, 61]
[101, 4, 6, 57]
[102, 12, 13, 57]
[103, 15, 22, 46]
[104, 5, 6, 57]
[105, 11, 11, 47]
[106, 2, 4, 55]
[107, 4, 20, 47]
[108, 11, 26, 74]
[109, 9, 2, 47]
[110, 9, 16, 60]
[111, 5, 5, 67]
[112, 6, 2, 52]
[113, 6, 13, 68]
[114, 13, 2, 61]
[115, 3, 22, 67]
[116, 13, 26, 68]
[117, 13, 2, 47]
[118, 12, 18, 56]
[119, 9, 23, 69]
[120, 9, 16, 62]
[121, 4, 4, 50]
[122, 5, 24, 57]
[123, 4, 18, 52]
[124, 2, 19, 45]
[125, 0, 16, 65]
[126, 1, 2, 71]
[127, 3, 30, 68]
[128, 6, 25, 64]
[129, 9, 19, 71]
[130, 1, 23, 59]
[131, 0, 15, 48]
[132, 10, 22, 73]
[133, 11, 3, 56]
[134, 10, 8, 70]
[135, 13, 5, 47]
[136, 6, 3, 75]
[137, 13, 22, 62]
[138, 14, 15, 69]
[139, 2, 2, 56]
[140, 11, 29, 71]
[141, 5, 28, 57]
[142, 13, 24, 59]
[143, 6, 26, 64]
[144, 8, 6, 61]
[145, 11, 11, 46]
[146, 11, 11, 65]
[147, 13, 21, 53]
[148, 13, 28, 74]
[149, 13, 18, 67]
[150, 2, 11, 73]
[151, 2, 28, 61]
[152, 14, 28, 64]
[153, 4, 23, 69]
[154, 10, 1, 54]
[155, 5, 16, 48]
[156, 11, 9, 48]
[157, 5, 3, 71]
[158, 7, 21, 72]
[159, 6, 14, 45]
[160, 14, 1, 57]
[161, 11, 28, 55]
[162, 4, 15, 51]
[163, 2, 22, 47]
[164, 7, 7, 45]
[165, 3, 26, 48]
[166, 14, 25, 65]
[167, 14, 23, 56]
[168, 4, 18, 72]
[169, 8, 27, 49]
[170, 3, 6, 73]
[171, 3, 26, 58]
[172, 4, 1, 56]
[173, 0, 16, 61]
[174, 12, 26, 68]
[175, 9, 21, 48]
[176, 13, 8, 68]
[177, 7, 13, 47]
[178, 8, 20, 66]
[179, 7, 1, 61]
[180, 11, 2, 73]
[181, 11, 1, 66]
[182, 10, 1, 58]
[183, 10, 13, 51]
[184, 12, 12, 68]
[185, 8, 16, 67]
[186, 4, 23, 59]
[187, 3, 20, 57]
[188, 9, 14, 58]
[189, 5, 12, 64]
[190, 5, 28, 55]
[191, 6, 29, 61]
[192, 6, 9, 62]
[193, 15, 18, 71]
[194, 1, 21, 64]
[195, 1, 5, 71]
[196, 13, 15, 61]
[197, 5, 8, 71]
[198, 0, 14, 57]
[199, 11, 25, 47]
[200, 7, 13, 57]
[201, 3, 24, 52]
[202, 9, 11, 64]
[203, 13, 16, 51]
[204, 13, 20, 73]
[205, 3, 12, 71]
[206, 15, 16, 68]
[207, 5, 27, 46]
[208, 13, 2, 59]
[209, 1, 22, 54]
[210, 11, 1, 67]
[211, 9, 5, 47]
[212, 0, 20, 72]
[213, 15, 20, 45]
[214, 11, 16, 69]
[215, 8, 30, 50]
[216, 11, 7, 57]
[217, 9, 23, 75]
[218, 12, 1, 69]
[219, 8, 16, 74]
[220, 3, 19, 58]
[221, 9, 3, 58]
[222, 3, 10, 57]
[223, 12, 7, 67]
[224, 5, 3, 53]
[225, 14, 25, 74]
[226, 1, 4, 57]
[227, 4, 28, 55]
[228, 6, 22, 75]
[229, 8, 9, 58]
[230, 7, 28, 53]
[231, 10, 3, 65]
[232, 8, 13, 52]
[233, 7, 27, 60]
[234, 7, 25, 73]
[235, 10, 27, 62]
[236, 14, 19, 45]
[237, 6, 10, 45]
[238, 14, 19, 57]
[239, 2, 8, 62]
[240, 1, 12, 58]
[241, 2, 1, 49]
[242, 14, 1, 74]
[243, 11, 7, 53]
[244, 3, 28, 71]
[245, 0, 28, 50]
[246, 15, 25, 60]
[247, 6, 14, 71]
[248, 3, 27, 59]
[249, 14, 11, 65]
[250, 7, 1, 56]
[251, 11, 11, 61]
[252, 1, 2, 60]
[253, 8, 14, 57]
[254, 9, 30, 73]
[255, 14, 11, 58]
[256, 4, 17, 50]
[257, 15, 25, 75]
[258, 12, 19, 50]
[259, 3, 11, 55]
[260, 9, 22, 73]
[261, 5, 20, 46]
[262, 13, 22, 51]
[263, 4, 1, 69]
[264, 14, 2, 56]
[265, 12, 23, 59]
[266, 7, 4, 75]
[267, 1, 21, 47]
[268, 15, 22, 74]
[269, 0, 8, 59]
[270, 0, 25, 58]
[271, 8, 28, 45]
[272, 0, 10, 46]
[273, 2, 6, 47]
[274, 7, 5, 65]
[275, 5, 30, 54]
[276, 12, 16, 66]
[277, 6, 21, 54]
